rho_s,r_s,MBH,chi2,reward,status,proposal_id
60.0,2500.0,450000.0,,,todo,
60.29080710712952,3043.373723739749,1083120.080197497,579.3906113680094,-579.3906113680094,pass_full,1.0
60.29080710712952,3043.373723739749,0.0,720.223710534685,-720.223710534685,pass_no_bh,1.0
0.0,3043.373723739749,1083120.080197497,49.86907493326866,-49.86907493326866,pass_no_halo,1.0
60.29080710712952,3043.373723739749,108312.00801974972,712.3194450302611,-712.3194450302611,pass_bh_small,1.0
6.029080710712952,3043.373723739749,1083120.080197497,243.9266363865328,-243.9266363865328,pass_halo_small,1.0
75.65294270578474,1879.3956099792968,1289789.5675412945,510.3291823106571,-510.3291823106571,pass_full,2.0
75.65294270578474,1879.3956099792968,0.0,720.1266677805537,-720.1266677805537,pass_no_bh,2.0
0.0,1879.3956099792968,1289789.5675412945,48.47722951957056,-48.47722951957056,pass_no_halo,2.0
75.65294270578474,1879.3956099792968,128978.95675412944,718.1127234297801,-718.1127234297801,pass_bh_small,2.0
7.565294270578474,1879.3956099792968,1289789.5675412945,143.16623942034389,-143.16623942034389,pass_halo_small,2.0
90.12973061361122,1450.5761466398412,1219964.4725965876,585.9539472771113,-585.9539472771113,pass_full,3.0
90.12973061361122,1450.5761466398412,0.0,720.1613461709696,-720.1613461709696,pass_no_bh,3.0
0.0,1450.5761466398412,1219964.4725965876,47.19596532238005,-47.19596532238005,pass_no_halo,3.0
90.12973061361122,1450.5761466398412,121996.44725965876,720.137034876165,-720.137034876165,pass_bh_small,3.0
9.01297306136112,1450.5761466398412,1219964.4725965876,111.17780485625508,-111.17780485625508,pass_halo_small,3.0
69.69283848013909,3839.234110543683,1286416.420056784,635.6886517891897,-635.6886517891897,pass_full,4.0
69.69283848013909,3839.234110543683,0.0,720.3889000833603,-720.3889000833603,pass_no_bh,4.0
0.0,3839.234110543683,1286416.420056784,48.38695721102484,-48.38695721102484,pass_no_halo,4.0
69.69283848013909,3839.234110543683,128641.6420056784,718.4053172267494,-718.4053172267494,pass_bh_small,4.0
6.969283848013909,3839.234110543683,1286416.420056784,237.0841053209336,-237.0841053209336,pass_halo_small,4.0
84.5765285710942,1211.215796046935,653020.8211268982,448.39691150271534,-448.39691150271534,pass_full,5.0
84.5765285710942,1211.215796046935,0.0,720.6358519229528,-720.6358519229528,pass_no_bh,5.0
0.0,1211.215796046935,653020.8211268982,89.70095001414558,-89.70095001414558,pass_no_halo,5.0
84.5765285710942,1211.215796046935,65302.08211268982,716.8260316826826,-716.8260316826826,pass_bh_small,5.0
8.457652857109421,1211.215796046935,653020.8211268982,520.1453147196944,-520.1453147196944,pass_halo_small,5.0
34.61881731591207,851.471559928669,950510.454400262,477.3433903053579,-477.3433903053579,pass_full,6.0
34.61881731591207,851.471559928669,0.0,754.8644224727805,-754.8644224727805,pass_no_bh,6.0
0.0,851.471559928669,950510.454400262,58.05313880479947,-58.05313880479947,pass_no_halo,6.0
34.61881731591207,851.471559928669,95051.0454400262,751.6007374772196,-751.6007374772196,pass_bh_small,6.0
3.461881731591207,851.471559928669,950510.454400262,47.34165338991713,-47.34165338991713,pass_halo_small,6.0
30.748925558854832,4129.627295662693,1170346.221805149,404.17685945455855,-404.17685945455855,pass_full,7.0
30.748925558854832,4129.627295662693,0.0,720.4471075705316,-720.4471075705316,pass_no_bh,7.0
0.0,4129.627295662693,1170346.221805149,47.982861451575545,-47.982861451575545,pass_no_halo,7.0
30.748925558854832,4129.627295662693,117034.62218051493,720.4217618458107,-720.4217618458107,pass_bh_small,7.0
3.074892555885484,4129.627295662693,1170346.221805149,200.97047523002968,-200.97047523002968,pass_halo_small,7.0
91.4514756638054,2124.5446736623217,995657.1261555144,718.1784335029819,-718.1784335029819,pass_full,8.0
91.4514756638054,2124.5446736623217,0.0,720.2402541622266,-720.2402541622266,pass_no_bh,8.0
0.0,2124.5446736623217,995657.1261555144,53.72154824472813,-53.72154824472813,pass_no_halo,8.0
91.4514756638054,2124.5446736623217,99565.71261555146,720.2276016192893,-720.2276016192893,pass_bh_small,8.0
9.145147566380542,2124.5446736623217,995657.1261555144,113.5164351189722,-113.5164351189722,pass_halo_small,8.0
98.3219813125996,3076.673755574968,855950.4201514907,706.0391723634175,-706.0391723634175,pass_full,9.0
98.3219813125996,3076.673755574968,0.0,720.4927187018637,-720.4927187018637,pass_no_bh,9.0
0.0,3076.673755574968,855950.4201514907,68.83609482172176,-68.83609482172176,pass_no_halo,9.0
98.3219813125996,3076.673755574968,85595.04201514908,718.4919290377707,-718.4919290377707,pass_bh_small,9.0
9.83219813125996,3076.673755574968,855950.4201514907,621.3998038588002,-621.3998038588002,pass_halo_small,9.0
36.44054297982933,3173.654302908544,763336.3479270731,529.217034708625,-529.217034708625,pass_full,10.0
36.44054297982933,3173.654302908544,0.0,721.0065349786946,-721.0065349786946,pass_no_bh,10.0
0.0,3173.654302908544,763336.3479270731,77.63434968293005,-77.63434968293005,pass_no_halo,10.0
36.44054297982933,3173.654302908544,76333.63479270732,704.7698517876162,-704.7698517876162,pass_bh_small,10.0
3.644054297982933,3173.654302908544,763336.3479270731,156.06703747937522,-156.06703747937522,pass_halo_small,10.0
89.48197751011305,2817.3937911267285,890826.9878082959,718.3117687895426,-718.3117687895426,pass_full,11.0
89.48197751011305,2817.3937911267285,0.0,720.3564677335182,-720.3564677335182,pass_no_bh,11.0
0.0,2817.3937911267285,890826.9878082959,64.78044719886746,-64.78044719886746,pass_no_halo,11.0
89.48197751011305,2817.3937911267285,89082.6987808296,720.3499283786363,-720.3499283786363,pass_bh_small,11.0
8.948197751011305,2817.3937911267285,890826.9878082959,353.3406241324571,-353.3406241324571,pass_halo_small,11.0
90.83791639273208,4276.054276113816,1482974.8996288937,718.5575559735007,-718.5575559735007,pass_full,12.0
90.83791639273208,4276.054276113816,0.0,720.5716418234872,-720.5716418234872,pass_no_bh,12.0
0.0,4276.054276113816,1482974.8996288937,59.26706140100252,-59.26706140100252,pass_no_halo,12.0
90.83791639273208,4276.054276113816,148297.48996288935,718.5693989239979,-718.5693989239979,pass_bh_small,12.0
9.083791639273208,4276.054276113816,1482974.8996288937,223.22843726198744,-223.22843726198744,pass_halo_small,12.0
88.71480261182235,1612.723742799751,1036317.0721639756,716.1948287813294,-716.1948287813294,pass_full,13.0
88.71480261182235,1612.723742799751,0.0,720.1064927036424,-720.1064927036424,pass_no_bh,13.0
0.0,1612.723742799751,1036317.0721639756,51.28540939776523,-51.28540939776523,pass_no_halo,13.0
88.71480261182235,1612.723742799751,103631.70721639755,585.8011486173942,-585.8011486173942,pass_bh_small,13.0
8.871480261182235,1612.723742799751,1036317.0721639756,95.57710559390443,-95.57710559390443,pass_halo_small,13.0
83.44053643727759,3938.37195029519,1431965.7607100669,720.4688870483608,-720.4688870483608,pass_full,14.0
83.44053643727759,3938.37195029519,0.0,720.5251117543522,-720.5251117543522,pass_no_bh,14.0
0.0,3938.37195029519,1431965.7607100669,55.30215403009149,-55.30215403009149,pass_no_halo,14.0
83.44053643727759,3938.37195029519,143196.57607100668,583.1806512545629,-583.1806512545629,pass_bh_small,14.0
8.34405364372776,3938.37195029519,1431965.7607100669,548.8392274751334,-548.8392274751334,pass_halo_small,14.0
33.7399440253743,4991.403011428,1162377.0422196237,582.5067863410754,-582.5067863410754,pass_full,15.0
33.7399440253743,4991.403011428,0.0,720.1835318065536,-720.1835318065536,pass_no_bh,15.0
0.0,4991.403011428,1162377.0422196237,48.189785265426885,-48.189785265426885,pass_no_halo,15.0
33.7399440253743,4991.403011428,116237.70422196235,718.1762274091096,-718.1762274091096,pass_bh_small,15.0
3.37399440253743,4991.403011428,1162377.0422196237,367.07183189366526,-367.07183189366526,pass_halo_small,15.0
18.01906887476408,3133.1885295505867,921696.1436361928,566.252934870317,-566.252934870317,pass_full,16.0
18.01906887476408,3133.1885295505867,0.0,721.9706908550127,-721.9706908550127,pass_no_bh,16.0
0.0,3133.1885295505867,921696.1436361928,61.15097499781045,-61.15097499781045,pass_no_halo,16.0
18.01906887476408,3133.1885295505867,92169.61436361929,721.9639477990695,-721.9639477990695,pass_bh_small,16.0
1.801906887476408,3133.1885295505867,921696.1436361928,37.49240044911797,-37.49240044911797,pass_halo_small,16.0
57.67889308539488,3039.111211179325,1213136.381323065,669.630840918479,-669.630840918479,pass_full,17.0
57.67889308539488,3039.111211179325,0.0,720.2014326601932,-720.2014326601932,pass_no_bh,17.0
0.0,3039.111211179325,1213136.381323065,47.1886245115303,-47.1886245115303,pass_no_halo,17.0
57.67889308539488,3039.111211179325,121313.63813230649,720.1920941449168,-720.1920941449168,pass_bh_small,17.0
5.767889308539488,3039.111211179325,1213136.381323065,450.51744283086447,-450.51744283086447,pass_halo_small,17.0
53.95343295758068,1261.4808083410717,1270447.0173906782,582.9875477002125,-582.9875477002125,pass_full,18.0
53.95343295758068,1261.4808083410717,0.0,720.3613337629033,-720.3613337629033,pass_no_bh,18.0
0.0,1261.4808083410717,1270447.0173906782,48.00532101158716,-48.00532101158716,pass_no_halo,18.0
53.95343295758068,1261.4808083410717,127044.70173906782,720.3504298274361,-720.3504298274361,pass_bh_small,18.0
5.395343295758068,1261.4808083410717,1270447.0173906782,45.678220076494526,-45.678220076494526,pass_halo_small,18.0
81.6573032725432,1393.4167717356718,1362883.90061229,441.0297536357941,-441.0297536357941,pass_full,19.0
81.6573032725432,1393.4167717356718,0.0,704.5551460834762,-704.5551460834762,pass_no_bh,19.0
0.0,1393.4167717356718,1362883.90061229,51.40774128762943,-51.40774128762943,pass_no_halo,19.0
81.6573032725432,1393.4167717356718,136288.390061229,704.5583388800476,-704.5583388800476,pass_bh_small,19.0
8.165730327254321,1393.4167717356718,1362883.90061229,102.39860037169234,-102.39860037169234,pass_halo_small,19.0
49.23173723867804,2506.979369863924,965066.3645083362,580.4653445335005,-580.4653445335005,pass_full,20.0
49.23173723867804,2506.979369863924,0.0,720.605714582196,-720.605714582196,pass_no_bh,20.0
0.0,2506.979369863924,965066.3645083362,56.57281441014813,-56.57281441014813,pass_no_halo,20.0
49.23173723867804,2506.979369863924,96506.63645083364,720.5751119285516,-720.5751119285516,pass_bh_small,20.0
4.923173723867804,2506.979369863924,965066.3645083362,486.49413549047495,-486.49413549047495,pass_halo_small,20.0
92.94632751965015,2860.853340320863,1471090.114170642,718.3312736421502,-718.3312736421502,pass_full,21.0
92.94632751965015,2860.853340320863,0.0,720.3901091276313,-720.3901091276313,pass_no_bh,21.0
0.0,2860.853340320863,1471090.114170642,58.34222021149868,-58.34222021149868,pass_no_halo,21.0
92.94632751965015,2860.853340320863,147109.0114170642,719.0629421925703,-719.0629421925703,pass_bh_small,21.0
9.294632751965016,2860.853340320863,1471090.114170642,751.1830987100869,-751.1830987100869,pass_halo_small,21.0
20.926282494751288,2320.6043363204863,688385.9692805536,576.7103989024845,-576.7103989024845,pass_full,22.0
20.926282494751288,2320.6043363204863,0.0,725.5384739369762,-725.5384739369762,pass_no_bh,22.0
0.0,2320.6043363204863,688385.9692805536,84.76856428413569,-84.76856428413569,pass_no_halo,22.0
20.926282494751288,2320.6043363204863,68838.59692805537,725.5238573088193,-725.5238573088193,pass_bh_small,22.0
2.092628249475129,2320.6043363204863,688385.9692805536,175.34183278503033,-175.34183278503033,pass_halo_small,22.0
43.53768613273388,2510.145298663821,848141.0564862916,635.3481221086724,-635.3481221086724,pass_full,23.0
43.53768613273388,2510.145298663821,0.0,721.2900518526409,-721.2900518526409,pass_no_bh,23.0
0.0,2510.145298663821,848141.0564862916,69.67507682928066,-69.67507682928066,pass_no_halo,23.0
43.53768613273388,2510.145298663821,84814.10564862916,721.2609137431035,-721.2609137431035,pass_bh_small,23.0
4.353768613273388,2510.145298663821,848141.0564862916,211.1186532031249,-211.1186532031249,pass_halo_small,23.0
32.31814841654162,4726.169240471143,1140489.8027466573,490.5106952488544,-490.5106952488544,pass_full,24.0
32.31814841654162,4726.169240471143,0.0,720.1178051870713,-720.1178051870713,pass_no_bh,24.0
0.0,4726.169240471143,1140489.8027466573,48.58507971209315,-48.58507971209315,pass_no_halo,24.0
32.31814841654162,4726.169240471143,114048.98027466574,718.7790002650303,-718.7790002650303,pass_bh_small,24.0
3.231814841654162,4726.169240471143,1140489.8027466573,350.080567217547,-350.080567217547,pass_halo_small,24.0
68.05884578839363,4340.476829517671,800011.5943348713,720.3748351295775,-720.3748351295775,pass_full,25.0
68.05884578839363,4340.476829517671,0.0,720.4563106223526,-720.4563106223526,pass_no_bh,25.0
0.0,4340.476829517671,800011.5943348713,75.67172806219835,-75.67172806219835,pass_no_halo,25.0
68.05884578839363,4340.476829517671,80001.15943348713,720.4501596816475,-720.4501596816475,pass_bh_small,25.0
6.805884578839363,4340.476829517671,800011.5943348713,664.0367893478978,-664.0367893478978,pass_halo_small,25.0
87.31585803182833,2056.368260362612,1359257.4174386263,617.8367381229252,-617.8367381229252,pass_full,26.0
87.31585803182833,2056.368260362612,0.0,720.2068269155734,-720.2068269155734,pass_no_bh,26.0
0.0,2056.368260362612,1359257.4174386263,51.2511155368285,-51.2511155368285,pass_no_halo,26.0
87.31585803182833,2056.368260362612,135925.74174386263,718.8682049891814,-718.8682049891814,pass_bh_small,26.0
8.731585803182833,2056.368260362612,1359257.4174386263,157.6503164478491,-157.6503164478491,pass_halo_small,26.0
96.40944915215486,1281.864901187665,749100.4638404762,713.9004508051378,-713.9004508051378,pass_full,27.0
96.40944915215486,1281.864901187665,0.0,720.0896584713328,-720.0896584713328,pass_no_bh,27.0
0.0,1281.864901187665,749100.4638404762,78.7924353381476,-78.7924353381476,pass_no_halo,27.0
96.40944915215486,1281.864901187665,74910.04638404763,720.0625542144411,-720.0625542144411,pass_bh_small,27.0
9.640944915215488,1281.864901187665,749100.4638404762,387.2092960613023,-387.2092960613023,pass_halo_small,27.0
18.88882169737777,3241.7779855758604,733323.343042866,349.7844972750953,-349.7844972750953,pass_full,28.0
18.88882169737777,3241.7779855758604,0.0,703.0996891706524,-703.0996891706524,pass_no_bh,28.0
0.0,3241.7779855758604,733323.343042866,80.50245335334866,-80.50245335334866,pass_no_halo,28.0
18.88882169737777,3241.7779855758604,73332.3343042866,703.063641895359,-703.063641895359,pass_bh_small,28.0
1.8888821697377776,3241.7779855758604,733323.343042866,45.83654382572862,-45.83654382572862,pass_halo_small,28.0
33.12668656729888,1523.1837797051144,1477176.3320159677,669.6268194286562,-669.6268194286562,pass_full,29.0
33.12668656729888,1523.1837797051144,0.0,728.6655043979102,-728.6655043979102,pass_no_bh,29.0
0.0,1523.1837797051144,1477176.3320159677,58.81238563587549,-58.81238563587549,pass_no_halo,29.0
33.12668656729888,1523.1837797051144,147717.63320159676,728.6470194316855,-728.6470194316855,pass_bh_small,29.0
3.3126686567298886,1523.1837797051144,1477176.3320159677,25.792115231218744,-25.792115231218744,pass_halo_small,29.0
31.85009750105771,1547.1269163161337,881190.5993487752,654.8093190437512,-654.8093190437512,pass_full,30.0
31.85009750105771,1547.1269163161337,0.0,731.18744206573,-731.18744206573,pass_no_bh,30.0
0.0,1547.1269163161337,881190.5993487752,66.01723587993604,-66.01723587993604,pass_no_halo,30.0
31.85009750105771,1547.1269163161337,88119.05993487753,729.2225365934604,-729.2225365934604,pass_bh_small,30.0
3.1850097501057717,1547.1269163161337,881190.5993487752,92.24921394229212,-92.24921394229212,pass_halo_small,30.0
38.16828583419868,4182.257878861496,797327.5654248601,13.029051747272568,-13.029051747272568,pass_full,1.0
38.16828583419868,4182.257878861496,0.0,13.099392188984602,-13.099392188984602,pass_no_bh,1.0
0.0,4182.257878861496,797327.5654248601,21.49592971558901,-21.49592971558901,pass_no_halo,1.0
38.16828583419868,4182.257878861496,79732.75654248602,13.045186598525705,-13.045186598525705,pass_bh_small,1.0
3.816828583419868,4182.257878861496,797327.5654248601,15.055387025944022,-15.055387025944022,pass_halo_small,1.0
41.16463565012084,2755.3550170896187,1335922.0925643747,12.602954935677204,-12.602954935677204,pass_full,2.0
41.16463565012084,2755.3550170896187,0.0,12.728335467804326,-12.728335467804326,pass_no_bh,2.0
0.0,2755.3550170896187,1335922.0925643747,20.415168707526664,-20.415168707526664,pass_no_halo,2.0
41.16463565012084,2755.3550170896187,133592.20925643746,12.703937736667907,-12.703937736667907,pass_bh_small,2.0
4.116463565012085,2755.3550170896187,1335922.0925643747,38.007849216362175,-38.007849216362175,pass_halo_small,2.0
84.6281304967193,1634.3023828919147,779656.8536375937,12.794188050531393,-12.794188050531393,pass_full,3.0
84.6281304967193,1634.3023828919147,0.0,12.871450326064162,-12.871450326064162,pass_no_bh,3.0
0.0,1634.3023828919147,779656.8536375937,21.593568012515842,-21.593568012515842,pass_no_halo,3.0
84.6281304967193,1634.3023828919147,77965.68536375937,12.850276657417314,-12.850276657417314,pass_bh_small,3.0
8.46281304967193,1634.3023828919147,779656.8536375937,14.532895269261807,-14.532895269261807,pass_halo_small,3.0
73.39673232962244,3792.7010553292034,792004.4974363898,13.45441205302457,-13.45441205302457,pass_full,4.0
73.39673232962244,3792.7010553292034,0.0,13.44816690233162,-13.44816690233162,pass_no_bh,4.0
0.0,3792.7010553292034,792004.4974363898,18.791895105796634,-18.791895105796634,pass_no_halo,4.0
73.39673232962244,3792.7010553292034,79200.44974363898,13.455438293510658,-13.455438293510658,pass_bh_small,4.0
7.3396732329622445,3792.7010553292034,792004.4974363898,11.989548551124027,-11.989548551124027,pass_halo_small,4.0
36.159870739451236,4303.507678537031,1341130.298372193,12.946423892740961,-12.946423892740961,pass_full,5.0
36.159870739451236,4303.507678537031,0.0,13.08629899535171,-13.08629899535171,pass_no_bh,5.0
0.0,4303.507678537031,1341130.298372193,20.464560039361675,-20.464560039361675,pass_no_halo,5.0
36.159870739451236,4303.507678537031,134113.0298372193,13.04853124566365,-13.04853124566365,pass_bh_small,5.0
3.615987073945124,4303.507678537031,1341130.298372193,16.612080492386887,-16.612080492386887,pass_halo_small,5.0
54.622364164795414,3101.504933909686,1230900.9601486179,13.00013581252708,-13.00013581252708,pass_full,6.0
54.622364164795414,3101.504933909686,0.0,13.120844019478303,-13.120844019478303,pass_no_bh,6.0
0.0,3101.504933909686,1230900.9601486179,17.989951255784582,-17.989951255784582,pass_no_halo,6.0
54.622364164795414,3101.504933909686,123090.09601486179,13.124100627459711,-13.124100627459711,pass_bh_small,6.0
5.462236416479541,3101.504933909686,1230900.9601486179,20.632562810987103,-20.632562810987103,pass_halo_small,6.0
56.90981611060284,3776.3776415398756,1248068.3907542196,13.25944628725702,-13.25944628725702,pass_full,7.0
56.90981611060284,3776.3776415398756,0.0,13.26903577826833,-13.26903577826833,pass_no_bh,7.0
0.0,3776.3776415398756,1248068.3907542196,14.443591947178447,-14.443591947178447,pass_no_halo,7.0
56.90981611060284,3776.3776415398756,124806.83907542197,13.278969522564523,-13.278969522564523,pass_bh_small,7.0
5.690981611060284,3776.3776415398756,1248068.3907542196,13.578951068761313,-13.578951068761313,pass_halo_small,7.0
52.21275418516094,1653.9061246605447,1009835.5063027753,12.340339361001337,-12.340339361001337,pass_full,8.0
52.21275418516094,1653.9061246605447,0.0,12.377040436338811,-12.377040436338811,pass_no_bh,8.0
0.0,1653.9061246605447,1009835.5063027753,19.084129094442197,-19.084129094442197,pass_no_halo,8.0
52.21275418516094,1653.9061246605447,100983.55063027755,12.36709704997838,-12.36709704997838,pass_bh_small,8.0
5.221275418516094,1653.9061246605447,1009835.5063027753,16.82196964310886,-16.82196964310886,pass_halo_small,8.0
83.32065781768365,4357.170292114922,758350.2344249638,13.661615589846646,-13.661615589846646,pass_full,9.0
83.32065781768365,4357.170292114922,0.0,13.730696562714783,-13.730696562714783,pass_no_bh,9.0
0.0,4357.170292114922,758350.2344249638,21.81158743127531,-21.81158743127531,pass_no_halo,9.0
83.32065781768365,4357.170292114922,75835.02344249639,13.724665646469479,-13.724665646469479,pass_bh_small,9.0
8.332065781768366,4357.170292114922,758350.2344249638,11.844274435572167,-11.844274435572167,pass_halo_small,9.0
51.67062223382663,4552.714575667373,1117591.6807130133,13.336946639666182,-13.336946639666182,pass_full,10.0
51.67062223382663,4552.714575667373,0.0,13.32946432732957,-13.32946432732957,pass_no_bh,10.0
0.0,4552.714575667373,1117591.6807130133,18.16742967232822,-18.16742967232822,pass_no_halo,10.0
51.67062223382663,4552.714575667373,111759.16807130133,13.319806977263005,-13.319806977263005,pass_bh_small,10.0
5.167062223382663,4552.714575667373,1117591.6807130133,12.013316368036289,-12.013316368036289,pass_halo_small,10.0
36.04989354158566,2570.108292156172,681158.1531354755,12.453543437772867,-12.453543437772867,pass_full,11.0
36.04989354158566,2570.108292156172,0.0,12.548398318553229,-12.548398318553229,pass_no_bh,11.0
0.0,2570.108292156172,681158.1531354755,22.821816866333048,-22.821816866333048,pass_no_halo,11.0
36.04989354158566,2570.108292156172,68115.81531354754,12.517582250102024,-12.517582250102024,pass_bh_small,11.0
3.6049893541585663,2570.108292156172,681158.1531354755,18.844321459549967,-18.844321459549967,pass_halo_small,11.0
76.53852926808968,3039.4951719599367,916378.396478262,13.346169183976373,-13.346169183976373,pass_full,12.0
76.53852926808968,3039.4951719599367,0.0,13.333173372360386,-13.333173372360386,pass_no_bh,12.0
0.0,3039.4951719599367,916378.396478262,19.406572069847165,-19.406572069847165,pass_no_halo,12.0
76.53852926808968,3039.4951719599367,91637.83964782621,13.334799985863151,-13.334799985863151,pass_bh_small,12.0
7.653852926808968,3039.4951719599367,916378.396478262,14.708279016361493,-14.708279016361493,pass_halo_small,12.0
82.24199954970908,2215.5453136686365,1358263.096082991,13.045277983996272,-13.045277983996272,pass_full,13.0
82.24199954970908,2215.5453136686365,0.0,13.189092705373369,-13.189092705373369,pass_no_bh,13.0
0.0,2215.5453136686365,1358263.096082991,20.624647778465956,-20.624647778465956,pass_no_halo,13.0
82.24199954970908,2215.5453136686365,135826.3096082991,13.168617372294818,-13.168617372294818,pass_bh_small,13.0
8.224199954970908,2215.5453136686365,1358263.096082991,17.54024988593933,-17.54024988593933,pass_halo_small,13.0
72.93078384800683,1468.3254029085722,786433.2834351929,12.581917005929247,-12.581917005929247,pass_full,14.0
72.93078384800683,1468.3254029085722,0.0,12.581722006722568,-12.581722006722568,pass_no_bh,14.0
0.0,1468.3254029085722,786433.2834351929,21.49278423930732,-21.49278423930732,pass_no_halo,14.0
72.93078384800683,1468.3254029085722,78643.3283435193,12.567118818905598,-12.567118818905598,pass_bh_small,14.0
7.293078384800683,1468.3254029085722,786433.2834351929,25.365355550037183,-25.365355550037183,pass_halo_small,14.0
55.99483686472731,3491.5691043852344,1083783.927370256,13.194291237348269,-13.194291237348269,pass_full,15.0
55.99483686472731,3491.5691043852344,0.0,13.237247518167267,-13.237247518167267,pass_no_bh,15.0
0.0,3491.5691043852344,1083783.927370256,18.777004441850192,-18.777004441850192,pass_no_halo,15.0
55.99483686472731,3491.5691043852344,108378.39273702561,13.251266094107374,-13.251266094107374,pass_bh_small,15.0
5.599483686472731,3491.5691043852344,1083783.927370256,14.817234528061416,-14.817234528061416,pass_halo_small,15.0
42.73565273043619,1525.7830335572048,1204750.2412233376,12.138019515177806,-12.138019515177806,pass_full,16.0
42.73565273043619,1525.7830335572048,0.0,12.153693981252783,-12.153693981252783,pass_no_bh,16.0
0.0,1525.7830335572048,1204750.2412233376,17.95778084881472,-17.95778084881472,pass_no_halo,16.0
42.73565273043619,1525.7830335572048,120475.02412233377,12.147745153582653,-12.147745153582653,pass_bh_small,16.0
4.273565273043619,1525.7830335572048,1204750.2412233376,13.602718313386397,-13.602718313386397,pass_halo_small,16.0
76.5868935521841,3602.7989772523483,1145783.3482975054,13.424855945001468,-13.424855945001468,pass_full,17.0
76.5868935521841,3602.7989772523483,0.0,13.442664205483622,-13.442664205483622,pass_no_bh,17.0
0.0,3602.7989772523483,1145783.3482975054,17.919422471625463,-17.919422471625463,pass_no_halo,17.0
76.5868935521841,3602.7989772523483,114578.33482975054,13.45665926544578,-13.45665926544578,pass_bh_small,17.0
7.65868935521841,3602.7989772523483,1145783.3482975054,12.774437018744816,-12.774437018744816,pass_halo_small,17.0
37.366232417348556,1523.814634018074,1074392.152514944,12.048139953374369,-12.048139953374369,pass_full,18.0
37.366232417348556,1523.814634018074,0.0,12.076275466430607,-12.076275466430607,pass_no_bh,18.0
0.0,1523.814634018074,1074392.152514944,18.822478950046722,-18.822478950046722,pass_no_halo,18.0
37.366232417348556,1523.814634018074,107439.21525149442,12.049890316911846,-12.049890316911846,pass_bh_small,18.0
3.736623241734856,1523.814634018074,1074392.152514944,19.420428229850955,-19.420428229850955,pass_halo_small,18.0
15.38255016645758,3929.821282794195,777686.3186372018,12.103284005557168,-12.103284005557168,pass_full,19.0
15.38255016645758,3929.821282794195,0.0,12.200995441196655,-12.200995441196655,pass_no_bh,19.0
0.0,3929.821282794195,777686.3186372018,21.574253961228237,-21.574253961228237,pass_no_halo,19.0
15.38255016645758,3929.821282794195,77768.63186372018,12.15268093038791,-12.15268093038791,pass_bh_small,19.0
1.538255016645758,3929.821282794195,777686.3186372018,41.852288242297654,-41.852288242297654,pass_halo_small,19.0
58.5614859850181,4650.965240470581,1091216.5555413305,13.455565630900958,-13.455565630900958,pass_full,20.0
58.5614859850181,4650.965240470581,0.0,13.421600133542917,-13.421600133542917,pass_no_bh,20.0
0.0,4650.965240470581,1091216.5555413305,18.71796893058827,-18.71796893058827,pass_no_halo,20.0
58.5614859850181,4650.965240470581,109121.65555413306,13.427313536584297,-13.427313536584297,pass_bh_small,20.0
5.856148598501811,4650.965240470581,1091216.5555413305,12.115983708592564,-12.115983708592564,pass_halo_small,20.0
69.13620648579831,2046.5943612411058,1446410.797861523,12.805960038108616,-12.805960038108616,pass_full,21.0
69.13620648579831,2046.5943612411058,0.0,12.932689930952499,-12.932689930952499,pass_no_bh,21.0
0.0,2046.5943612411058,1446410.797861523,22.268760850064496,-22.268760850064496,pass_no_halo,21.0
69.13620648579831,2046.5943612411058,144641.07978615232,12.913332172407928,-12.913332172407928,pass_bh_small,21.0
6.9136206485798315,2046.5943612411058,1446410.797861523,13.965095221398585,-13.965095221398585,pass_halo_small,21.0
20.038562000250884,2587.231636968607,1458569.7704228582,12.020213580795382,-12.020213580795382,pass_full,22.0
20.038562000250884,2587.231636968607,0.0,12.027423690422154,-12.027423690422154,pass_no_bh,22.0
0.0,2587.231636968607,1458569.7704228582,22.357116970117197,-22.357116970117197,pass_no_halo,22.0
20.038562000250884,2587.231636968607,145856.9770422858,12.012195853647672,-12.012195853647672,pass_bh_small,22.0
2.0038562000250884,2587.231636968607,1458569.7704228582,12.659841514161535,-12.659841514161535,pass_halo_small,22.0
47.31386697639164,1994.1412426877112,877810.6965094233,12.458439336530782,-12.458439336530782,pass_full,23.0
47.31386697639164,1994.1412426877112,0.0,12.508138464379313,-12.508138464379313,pass_no_bh,23.0
0.0,1994.1412426877112,877810.6965094233,20.247774886218753,-20.247774886218753,pass_no_halo,23.0
47.31386697639164,1994.1412426877112,87781.06965094234,12.48258949347616,-12.48258949347616,pass_bh_small,23.0
4.731386697639164,1994.1412426877112,877810.6965094233,24.333695607277505,-24.333695607277505,pass_halo_small,23.0
20.62737892074194,3494.6761878432626,1267045.5442683087,12.216266659358595,-12.216266659358595,pass_full,24.0
20.62737892074194,3494.6761878432626,0.0,12.347053991803515,-12.347053991803515,pass_no_bh,24.0
0.0,3494.6761878432626,1267045.5442683087,18.76564546151739,-18.76564546151739,pass_no_halo,24.0
20.62737892074194,3494.6761878432626,126704.55442683087,12.280541624931844,-12.280541624931844,pass_bh_small,24.0
2.062737892074194,3494.6761878432626,1267045.5442683087,16.965953697158017,-16.965953697158017,pass_halo_small,24.0
75.80908649878559,4454.041790821193,941302.0693691212,13.620873506567676,-13.620873506567676,pass_full,25.0
75.80908649878559,4454.041790821193,0.0,13.649518108992785,-13.649518108992785,pass_no_bh,25.0
0.0,4454.041790821193,941302.0693691212,19.691149723491485,-19.691149723491485,pass_no_halo,25.0
75.80908649878559,4454.041790821193,94130.20693691213,13.645997593773306,-13.645997593773306,pass_bh_small,25.0
7.580908649878559,4454.041790821193,941302.0693691212,11.774765038388587,-11.774765038388587,pass_halo_small,25.0
97.74749783056988,4408.846303787207,808568.7817348967,13.823121843606426,-13.823121843606426,pass_full,26.0
97.74749783056988,4408.846303787207,0.0,13.882836289918579,-13.882836289918579,pass_no_bh,26.0
0.0,4408.846303787207,808568.7817348967,21.183965117873406,-21.183965117873406,pass_no_halo,26.0
97.74749783056988,4408.846303787207,80856.87817348968,13.875645551679217,-13.875645551679217,pass_bh_small,26.0
9.77474978305699,4408.846303787207,808568.7817348967,11.916044805086727,-11.916044805086727,pass_halo_small,26.0
53.150649242816556,904.3079508028145,1017213.3727965239,11.967463006762609,-11.967463006762609,pass_full,27.0
53.150649242816556,904.3079508028145,0.0,11.989835227116583,-11.989835227116583,pass_no_bh,27.0
0.0,904.3079508028145,1017213.3727965239,19.083912141521182,-19.083912141521182,pass_no_halo,27.0
53.150649242816556,904.3079508028145,101721.33727965239,12.012494992970417,-12.012494992970417,pass_bh_small,27.0
5.315064924281656,904.3079508028145,1017213.3727965239,13.667348693075365,-13.667348693075365,pass_halo_small,27.0
39.41846179197208,1649.9844139671425,695341.7954400756,12.161860158739792,-12.161860158739792,pass_full,28.0
39.41846179197208,1649.9844139671425,0.0,12.147828199462001,-12.147828199462001,pass_no_bh,28.0
0.0,1649.9844139671425,695341.7954400756,22.391851001815546,-22.391851001815546,pass_no_halo,28.0
39.41846179197208,1649.9844139671425,69534.17954400757,12.161275181502244,-12.161275181502244,pass_bh_small,28.0
3.941846179197208,1649.9844139671425,695341.7954400756,28.198120306834028,-28.198120306834028,pass_halo_small,28.0
41.594712257280506,1745.997854005603,1008251.27554831,12.19821082757342,-12.19821082757342,pass_full,29.0
41.594712257280506,1745.997854005603,0.0,12.225726226763719,-12.225726226763719,pass_no_bh,29.0
0.0,1745.997854005603,1008251.27554831,19.132107671553243,-19.132107671553243,pass_no_halo,29.0
41.594712257280506,1745.997854005603,100825.12755483101,12.226890843359474,-12.226890843359474,pass_bh_small,29.0
4.15947122572805,1745.997854005603,1008251.27554831,15.421374315618424,-15.421374315618424,pass_halo_small,29.0
35.846293970484005,4022.26313680757,954205.7006157904,12.904996683236194,-12.904996683236194,pass_full,30.0
35.846293970484005,4022.26313680757,0.0,12.99495453466817,-12.99495453466817,pass_no_bh,30.0
0.0,4022.26313680757,954205.7006157904,19.855260659831366,-19.855260659831366,pass_no_halo,30.0
35.846293970484005,4022.26313680757,95420.57006157906,12.963926333690393,-12.963926333690393,pass_bh_small,30.0
3.584629397048401,4022.26313680757,954205.7006157904,14.720362945189153,-14.720362945189153,pass_halo_small,30.0
46.755964710156,3751.8125744980857,910880.2469240192,13.10622634144947,-13.10622634144947,pass_full,31.0
46.755964710156,3751.8125744980857,0.0,13.165777451861432,-13.165777451861432,pass_no_bh,31.0
0.0,3751.8125744980857,910880.2469240192,19.438174810109807,-19.438174810109807,pass_no_halo,31.0
46.755964710156,3751.8125744980857,91088.02469240193,13.15304906224578,-13.15304906224578,pass_bh_small,31.0
4.6755964710156,3751.8125744980857,910880.2469240192,14.142832017862345,-14.142832017862345,pass_halo_small,31.0
42.01846194083443,2307.1433367425666,721636.9503265207,12.499783745357215,-12.499783745357215,pass_full,32.0
42.01846194083443,2307.1433367425666,0.0,12.57716102540243,-12.57716102540243,pass_no_bh,32.0
0.0,2307.1433367425666,721636.9503265207,21.893431234479994,-21.893431234479994,pass_no_halo,32.0
42.01846194083443,2307.1433367425666,72163.69503265207,12.54827779128469,-12.54827779128469,pass_bh_small,32.0
4.201846194083443,2307.1433367425666,721636.9503265207,86.67273782808593,-86.67273782808593,pass_halo_small,32.0
88.24486342336448,1235.5690236182595,1054204.7315813976,12.494911467332454,-12.494911467332454,pass_full,33.0
88.24486342336448,1235.5690236182595,0.0,12.56079784955588,-12.56079784955588,pass_no_bh,33.0
0.0,1235.5690236182595,1054204.7315813976,18.883286553427695,-18.883286553427695,pass_no_halo,33.0
88.24486342336448,1235.5690236182595,105420.47315813976,12.562348632641802,-12.562348632641802,pass_bh_small,33.0
8.824486342336447,1235.5690236182595,1054204.7315813976,43.05526595629353,-43.05526595629353,pass_halo_small,33.0
22.838374783566756,3851.6303574170665,706374.1758275522,12.427356543611282,-12.427356543611282,pass_full,34.0
22.838374783566756,3851.6303574170665,0.0,12.547950893061117,-12.547950893061117,pass_no_bh,34.0
0.0,3851.6303574170665,706374.1758275522,22.183795905460126,-22.183795905460126,pass_no_halo,34.0
22.838374783566756,3851.6303574170665,70637.41758275522,12.513298519164525,-12.513298519164525,pass_bh_small,34.0
2.2838374783566757,3851.6303574170665,706374.1758275522,35.70343202029752,-35.70343202029752,pass_halo_small,34.0
15.368731932318154,2397.0520072943987,761313.2773106147,11.806156201911897,-11.806156201911897,pass_full,35.0
15.368731932318154,2397.0520072943987,0.0,12.102699709653372,-12.102699709653372,pass_no_bh,35.0
0.0,2397.0520072943987,761313.2773106147,21.79834859067849,-21.79834859067849,pass_no_halo,35.0
15.368731932318154,2397.0520072943987,76131.32773106148,12.054615200418757,-12.054615200418757,pass_bh_small,35.0
1.5368731932318154,2397.0520072943987,761313.2773106147,15.857509828189016,-15.857509828189016,pass_halo_small,35.0
71.54635509252142,2553.8289912252912,810847.4443940962,13.11102469484968,-13.11102469484968,pass_full,36.0
71.54635509252142,2553.8289912252912,0.0,13.195600139649816,-13.195600139649816,pass_no_bh,36.0
0.0,2553.8289912252912,810847.4443940962,21.13432882291725,-21.13432882291725,pass_no_halo,36.0
71.54635509252142,2553.8289912252912,81084.74443940962,13.199147084673498,-13.199147084673498,pass_bh_small,36.0
7.1546355092521425,2553.8289912252912,810847.4443940962,23.67089557394287,-23.67089557394287,pass_halo_small,36.0
37.83969263529522,1597.0617175412922,1253732.286017793,12.106463608337156,-12.106463608337156,pass_full,37.0
37.83969263529522,1597.0617175412922,0.0,12.111204004336992,-12.111204004336992,pass_no_bh,37.0
0.0,1597.0617175412922,1253732.286017793,18.459716079136236,-18.459716079136236,pass_no_halo,37.0
37.83969263529522,1597.0617175412922,125373.22860177931,12.098408638357617,-12.098408638357617,pass_bh_small,37.0
3.7839692635295226,1597.0617175412922,1253732.286017793,14.524435746602775,-14.524435746602775,pass_halo_small,37.0
70.07226637750264,1221.6160296519654,845347.4178749154,12.326771554252744,-12.326771554252744,pass_full,38.0
70.07226637750264,1221.6160296519654,0.0,12.337964502025406,-12.337964502025406,pass_no_bh,38.0
0.0,1221.6160296519654,845347.4178749154,20.676637377708662,-20.676637377708662,pass_no_halo,38.0
70.07226637750264,1221.6160296519654,84534.74178749154,12.336595556242964,-12.336595556242964,pass_bh_small,38.0
7.007226637750264,1221.6160296519654,845347.4178749154,19.82629298456328,-19.82629298456328,pass_halo_small,38.0
85.62190466804897,2060.209570588383,1166438.730153718,13.022399518469502,-13.022399518469502,pass_full,39.0
85.62190466804897,2060.209570588383,0.0,13.147971507448986,-13.147971507448986,pass_no_bh,39.0
0.0,2060.209570588383,1166438.730153718,17.920876168174946,-17.920876168174946,pass_no_halo,39.0
85.62190466804897,2060.209570588383,116643.8730153718,13.141201396178204,-13.141201396178204,pass_bh_small,39.0
8.562190466804898,2060.209570588383,1166438.730153718,13.82665327132196,-13.82665327132196,pass_halo_small,39.0
98.85326775362067,4270.71409171671,804630.619722276,13.805379596657097,-13.805379596657097,pass_full,40.0
98.85326775362067,4270.71409171671,0.0,13.867781120143682,-13.867781120143682,pass_no_bh,40.0
0.0,4270.71409171671,804630.619722276,21.314822257710656,-21.314822257710656,pass_no_halo,40.0
98.85326775362067,4270.71409171671,80463.0619722276,13.86301219731849,-13.86301219731849,pass_bh_small,40.0
9.885326775362067,4270.71409171671,804630.619722276,11.879125259398965,-11.879125259398965,pass_halo_small,40.0
31.428567844541345,4139.918971878844,721322.6068961554,12.831729978061556,-12.831729978061556,pass_full,41.0
31.428567844541345,4139.918971878844,0.0,12.904135903792113,-12.904135903792113,pass_no_bh,41.0
0.0,4139.918971878844,721322.6068961554,21.996390371987637,-21.996390371987637,pass_no_halo,41.0
31.428567844541345,4139.918971878844,72132.26068961555,12.880296315599837,-12.880296315599837,pass_bh_small,41.0
3.1428567844541346,4139.918971878844,721322.6068961554,24.21684112031933,-24.21684112031933,pass_halo_small,41.0
34.404389204256525,1762.9396378926567,1072947.7505169502,12.081791895791191,-12.081791895791191,pass_full,42.0
34.404389204256525,1762.9396378926567,0.0,12.115721985976336,-12.115721985976336,pass_no_bh,42.0
0.0,1762.9396378926567,1072947.7505169502,18.842183023281248,-18.842183023281248,pass_no_halo,42.0
34.404389204256525,1762.9396378926567,107294.77505169502,12.124133917994737,-12.124133917994737,pass_bh_small,42.0
3.4404389204256525,1762.9396378926567,1072947.7505169502,15.619939982244505,-15.619939982244505,pass_halo_small,42.0
66.96029506139742,1710.6453231222267,706082.4424221477,12.641097365021475,-12.641097365021475,pass_full,43.0
66.96029506139742,1710.6453231222267,0.0,12.689977061332772,-12.689977061332772,pass_no_bh,43.0
0.0,1710.6453231222267,706082.4424221477,22.176036833160733,-22.176036833160733,pass_no_halo,43.0
66.96029506139742,1710.6453231222267,70608.24424221477,12.664249591019027,-12.664249591019027,pass_bh_small,43.0
6.696029506139742,1710.6453231222267,706082.4424221477,14.26074188197661,-14.26074188197661,pass_halo_small,43.0
72.98131496270668,3262.5103815434873,853056.7448186589,13.35863052124835,-13.35863052124835,pass_full,44.0
72.98131496270668,3262.5103815434873,0.0,13.344030755041976,-13.344030755041976,pass_no_bh,44.0
0.0,3262.5103815434873,853056.7448186589,20.56032088276413,-20.56032088276413,pass_no_halo,44.0
72.98131496270668,3262.5103815434873,85305.67448186589,13.356322551950624,-13.356322551950624,pass_bh_small,44.0
7.298131496270668,3262.5103815434873,853056.7448186589,12.042020348715447,-12.042020348715447,pass_halo_small,44.0
82.70754747213954,873.2346018847581,1334731.7421712084,12.248215346613765,-12.248215346613765,pass_full,45.0
82.70754747213954,873.2346018847581,0.0,12.202019988331221,-12.202019988331221,pass_no_bh,45.0
0.0,873.2346018847581,1334731.7421712084,20.416264589263488,-20.416264589263488,pass_no_halo,45.0
82.70754747213954,873.2346018847581,133473.17421712083,12.219972960717106,-12.219972960717106,pass_bh_small,45.0
8.270754747213955,873.2346018847581,1334731.7421712084,13.063359968142585,-13.063359968142585,pass_halo_small,45.0
25.46424185182606,883.9961687117434,1331049.6424408234,19.582415600487856,-19.582415600487856,pass_full,46.0
25.46424185182606,883.9961687117434,0.0,23.83678234086508,-23.83678234086508,pass_no_bh,46.0
0.0,883.9961687117434,1331049.6424408234,20.346919766067373,-20.346919766067373,pass_no_halo,46.0
25.46424185182606,883.9961687117434,133104.96424408234,23.075475046112068,-23.075475046112068,pass_bh_small,46.0
2.546424185182606,883.9961687117434,1331049.6424408234,19.405164569353854,-19.405164569353854,pass_halo_small,46.0
40.676295693602796,2745.0588994470127,1372681.4433776971,12.584586634170707,-12.584586634170707,pass_full,47.0
40.676295693602796,2745.0588994470127,0.0,12.712718962023025,-12.712718962023025,pass_no_bh,47.0
0.0,2745.0588994470127,1372681.4433776971,20.814334323003347,-20.814334323003347,pass_no_halo,47.0
40.676295693602796,2745.0588994470127,137268.1443377697,12.686456635240614,-12.686456635240614,pass_bh_small,47.0
4.06762956936028,2745.0588994470127,1372681.4433776971,12.97632582067199,-12.97632582067199,pass_halo_small,47.0
81.64706940388757,4254.954487730882,1237442.7364295088,13.638778127222796,-13.638778127222796,pass_full,48.0
81.64706940388757,4254.954487730882,0.0,13.682916358027477,-13.682916358027477,pass_no_bh,48.0
0.0,4254.954487730882,1237442.7364295088,18.100681703275757,-18.100681703275757,pass_no_halo,48.0
81.64706940388757,4254.954487730882,123744.27364295088,13.674795994304485,-13.674795994304485,pass_bh_small,48.0
8.164706940388758,4254.954487730882,1237442.7364295088,11.778980463411273,-11.778980463411273,pass_halo_small,48.0
60.39329343862244,1543.8626398744939,1017296.4708659267,12.3748272350391,-12.3748272350391,pass_full,49.0
60.39329343862244,1543.8626398744939,0.0,12.448135749264358,-12.448135749264358,pass_no_bh,49.0
0.0,1543.8626398744939,1017296.4708659267,19.084208971314336,-19.084208971314336,pass_no_halo,49.0
60.39329343862244,1543.8626398744939,101729.64708659268,12.432092125569826,-12.432092125569826,pass_bh_small,49.0
6.039329343862245,1543.8626398744939,1017296.4708659267,12.643180330360815,-12.643180330360815,pass_halo_small,49.0
29.899528083844622,1754.774968765656,1220543.5802129419,12.004208475031884,-12.004208475031884,pass_full,50.0
29.899528083844622,1754.774968765656,0.0,12.01590652147132,-12.01590652147132,pass_no_bh,50.0
0.0,1754.774968765656,1220543.5802129419,17.901460060307883,-17.901460060307883,pass_no_halo,50.0
29.899528083844622,1754.774968765656,122054.35802129419,12.006323722799674,-12.006323722799674,pass_bh_small,50.0
2.989952808384462,1754.774968765656,1220543.5802129419,14.349993193001463,-14.349993193001463,pass_halo_small,50.0
66.44252591700021,3714.9519120270656,916349.2760748158,13.387662677531988,-13.387662677531988,pass_full,51.0
66.44252591700021,3714.9519120270656,0.0,13.362557548989107,-13.362557548989107,pass_no_bh,51.0
0.0,3714.9519120270656,916349.2760748158,19.410486585531018,-19.410486585531018,pass_no_halo,51.0
66.44252591700021,3714.9519120270656,91634.92760748159,13.37504033224186,-13.37504033224186,pass_bh_small,51.0
6.644252591700021,3714.9519120270656,916349.2760748158,11.96403708198338,-11.96403708198338,pass_halo_small,51.0
65.19986226938181,3405.682926804146,919275.679879102,13.312180357804305,-13.312180357804305,pass_full,52.0
65.19986226938181,3405.682926804146,0.0,13.283271418427198,-13.283271418427198,pass_no_bh,52.0
0.0,3405.682926804146,919275.679879102,19.392053618074232,-19.392053618074232,pass_no_halo,52.0
65.19986226938181,3405.682926804146,91927.56798791021,13.300568016291326,-13.300568016291326,pass_bh_small,52.0
6.519986226938181,3405.682926804146,919275.679879102,18.024438808697298,-18.024438808697298,pass_halo_small,52.0
84.63929678543518,2690.404880394315,965710.990981603,13.315913919705217,-13.315913919705217,pass_full,53.0
84.63929678543518,2690.404880394315,0.0,13.329268774427423,-13.329268774427423,pass_no_bh,53.0
0.0,2690.404880394315,965710.990981603,19.708295329376856,-19.708295329376856,pass_no_halo,53.0
84.63929678543518,2690.404880394315,96571.09909816031,13.34095107565609,-13.34095107565609,pass_bh_small,53.0
8.463929678543519,2690.404880394315,965710.990981603,15.91592444479201,-15.91592444479201,pass_halo_small,53.0
32.32515806454947,1568.5951016969696,1442737.1418969375,11.980958175913152,-11.980958175913152,pass_full,54.0
32.32515806454947,1568.5951016969696,0.0,12.008460235152087,-12.008460235152087,pass_no_bh,54.0
0.0,1568.5951016969696,1442737.1418969375,22.16434011321632,-22.16434011321632,pass_no_halo,54.0
32.32515806454947,1568.5951016969696,144273.71418969377,11.98732894701754,-11.98732894701754,pass_bh_small,54.0
3.232515806454947,1568.5951016969696,1442737.1418969375,16.903710907476228,-16.903710907476228,pass_halo_small,54.0
44.91083980152869,3488.637075323517,701047.1036422829,13.002245344728262,-13.002245344728262,pass_full,55.0
44.91083980152869,3488.637075323517,0.0,13.057551082583801,-13.057551082583801,pass_no_bh,55.0
0.0,3488.637075323517,701047.1036422829,22.287854445108696,-22.287854445108696,pass_no_halo,55.0
44.91083980152869,3488.637075323517,70104.71036422829,13.037472992888922,-13.037472992888922,pass_bh_small,55.0
4.491083980152869,3488.637075323517,701047.1036422829,22.12417656501158,-22.12417656501158,pass_halo_small,55.0
82.85841061769236,2284.0849727046025,726498.7776324096,13.138158166256558,-13.138158166256558,pass_full,56.0
82.85841061769236,2284.0849727046025,0.0,13.231398662354911,-13.231398662354911,pass_no_bh,56.0
0.0,2284.0849727046025,726498.7776324096,21.77849201317172,-21.77849201317172,pass_no_halo,56.0
82.85841061769236,2284.0849727046025,72649.87776324096,13.223528858461298,-13.223528858461298,pass_bh_small,56.0
8.285841061769236,2284.0849727046025,726498.7776324096,21.391516418779318,-21.391516418779318,pass_halo_small,56.0
77.17951398613363,3555.069994340582,979690.7644194686,13.45128244739634,-13.45128244739634,pass_full,57.0
77.17951398613363,3555.069994340582,0.0,13.438818215345703,-13.438818215345703,pass_no_bh,57.0
0.0,3555.069994340582,979690.7644194686,19.43305107527033,-19.43305107527033,pass_no_halo,57.0
77.17951398613363,3555.069994340582,97969.07644194686,13.447553253318416,-13.447553253318416,pass_bh_small,57.0
7.717951398613363,3555.069994340582,979690.7644194686,12.288841718348676,-12.288841718348676,pass_halo_small,57.0
24.709664524100646,2639.383712007577,921671.061823011,12.144586025306712,-12.144586025306712,pass_full,58.0
24.709664524100646,2639.383712007577,0.0,12.207046287699301,-12.207046287699301,pass_no_bh,58.0
0.0,2639.383712007577,921671.061823011,19.40291169471351,-19.40291169471351,pass_no_halo,58.0
24.709664524100646,2639.383712007577,92167.10618230111,12.164460115173533,-12.164460115173533,pass_bh_small,58.0
2.4709664524100647,2639.383712007577,921671.061823011,14.32382775526859,-14.32382775526859,pass_halo_small,58.0
82.47871555633152,3821.4512518206907,945004.2330898298,13.561058165201338,-13.561058165201338,pass_full,59.0
82.47871555633152,3821.4512518206907,0.0,13.571246208761496,-13.571246208761496,pass_no_bh,59.0
0.0,3821.4512518206907,945004.2330898298,19.77420490380413,-19.77420490380413,pass_no_halo,59.0
82.47871555633152,3821.4512518206907,94500.42330898298,13.56812255721245,-13.56812255721245,pass_bh_small,59.0
8.247871555633152,3821.4512518206907,945004.2330898298,11.833394912968288,-11.833394912968288,pass_halo_small,59.0
92.52201713483407,2062.4935814820574,807556.8312368388,13.119733628677139,-13.119733628677139,pass_full,60.0
92.52201713483407,2062.4935814820574,0.0,13.231155099124512,-13.231155099124512,pass_no_bh,60.0
0.0,2062.4935814820574,807556.8312368388,21.22312813521819,-21.22312813521819,pass_no_halo,60.0
92.52201713483407,2062.4935814820574,80755.68312368389,13.214958396084555,-13.214958396084555,pass_bh_small,60.0
9.252201713483407,2062.4935814820574,807556.8312368388,13.563256291659414,-13.563256291659414,pass_halo_small,60.0
15.629209919139733,1297.4162440265418,963024.5518865942,14.933804136390224,-14.933804136390224,pass_full,61.0
15.629209919139733,1297.4162440265418,0.0,27.808817960565587,-27.808817960565587,pass_no_bh,61.0
0.0,1297.4162440265418,963024.5518865942,19.769874583910223,-19.769874583910223,pass_no_halo,61.0
15.629209919139733,1297.4162440265418,96302.45518865943,24.495668313344765,-24.495668313344765,pass_bh_small,61.0
1.5629209919139733,1297.4162440265418,963024.5518865942,17.670104731754698,-17.670104731754698,pass_halo_small,61.0
22.834255097898854,1460.988904794715,751849.0429380571,12.136495788509041,-12.136495788509041,pass_full,62.0
22.834255097898854,1460.988904794715,0.0,12.605311598333723,-12.605311598333723,pass_no_bh,62.0
0.0,1460.988904794715,751849.0429380571,21.8700405400411,-21.8700405400411,pass_no_halo,62.0
22.834255097898854,1460.988904794715,75184.90429380571,12.534223888965276,-12.534223888965276,pass_bh_small,62.0
2.2834255097898857,1460.988904794715,751849.0429380571,14.212606409690387,-14.212606409690387,pass_halo_small,62.0
33.21862000405757,3065.888149245421,1182141.082925601,12.49823412880501,-12.49823412880501,pass_full,63.0
33.21862000405757,3065.888149245421,0.0,12.644493588704847,-12.644493588704847,pass_no_bh,63.0
0.0,3065.888149245421,1182141.082925601,18.034952816238164,-18.034952816238164,pass_no_halo,63.0
33.21862000405757,3065.888149245421,118214.1082925601,12.608155720381546,-12.608155720381546,pass_bh_small,63.0
3.321862000405757,3065.888149245421,1182141.082925601,33.81566173094734,-33.81566173094734,pass_halo_small,63.0
36.611781038008324,1567.7039998029886,1361362.4064107894,12.067621029450853,-12.067621029450853,pass_full,64.0
36.611781038008324,1567.7039998029886,0.0,12.086647361253293,-12.086647361253293,pass_no_bh,64.0
0.0,1567.7039998029886,1361362.4064107894,20.633766725254553,-20.633766725254553,pass_no_halo,64.0
36.611781038008324,1567.7039998029886,136136.24064107894,12.061137280800377,-12.061137280800377,pass_bh_small,64.0
3.6611781038008324,1567.7039998029886,1361362.4064107894,22.87124161183777,-22.87124161183777,pass_halo_small,64.0
44.39010075150879,2010.8553664736153,1489527.9466804094,12.340613441673057,-12.340613441673057,pass_full,65.0
44.39010075150879,2010.8553664736153,0.0,12.448541915070294,-12.448541915070294,pass_no_bh,65.0
0.0,2010.8553664736153,1489527.9466804094,22.47223301771205,-22.47223301771205,pass_no_halo,65.0
44.39010075150879,2010.8553664736153,148952.79466804094,12.420917037171584,-12.420917037171584,pass_bh_small,65.0
4.439010075150879,2010.8553664736153,1489527.9466804094,12.707036161207954,-12.707036161207954,pass_halo_small,65.0
64.07383889476185,4717.354536199673,902360.4830822037,13.534122650895076,-13.534122650895076,pass_full,66.0
64.07383889476185,4717.354536199673,0.0,13.513451888336224,-13.513451888336224,pass_no_bh,66.0
0.0,4717.354536199673,902360.4830822037,19.57205559986789,-19.57205559986789,pass_no_halo,66.0
64.07383889476185,4717.354536199673,90236.04830822037,13.514620804163945,-13.514620804163945,pass_bh_small,66.0
6.407383889476185,4717.354536199673,902360.4830822037,12.039975627177146,-12.039975627177146,pass_halo_small,66.0
30.842181312256702,4252.0845207027305,1162044.104022636,12.775784991328416,-12.775784991328416,pass_full,67.0
30.842181312256702,4252.0845207027305,0.0,12.915262321492614,-12.915262321492614,pass_no_bh,67.0
0.0,4252.0845207027305,1162044.104022636,17.927690975915286,-17.927690975915286,pass_no_halo,67.0
30.842181312256702,4252.0845207027305,116204.41040226362,12.873970360686739,-12.873970360686739,pass_bh_small,67.0
3.0842181312256702,4252.0845207027305,1162044.104022636,15.9462667872215,-15.9462667872215,pass_halo_small,67.0
38.44354508963515,4509.262941169405,1177856.7151754017,13.07658907930667,-13.07658907930667,pass_full,68.0
38.44354508963515,4509.262941169405,0.0,13.169626559446138,-13.169626559446138,pass_no_bh,68.0
0.0,4509.262941169405,1177856.7151754017,17.98828615509529,-17.98828615509529,pass_no_halo,68.0
38.44354508963515,4509.262941169405,117785.67151754018,13.149527168419135,-13.149527168419135,pass_bh_small,68.0
3.8443545089635154,4509.262941169405,1177856.7151754017,23.58649641930158,-23.58649641930158,pass_halo_small,68.0
24.410697555188705,3245.3075696134542,1277209.7759770886,12.280950154712817,-12.280950154712817,pass_full,69.0
24.410697555188705,3245.3075696134542,0.0,12.41862152440608,-12.41862152440608,pass_no_bh,69.0
0.0,3245.3075696134542,1277209.7759770886,19.021929253016534,-19.021929253016534,pass_no_halo,69.0
24.410697555188705,3245.3075696134542,127720.97759770887,12.365503348748229,-12.365503348748229,pass_bh_small,69.0
2.4410697555188707,3245.3075696134542,1277209.7759770886,17.456577770279257,-17.456577770279257,pass_halo_small,69.0
77.00532940309039,4688.749490782411,1411355.791865259,13.683969014329259,-13.683969014329259,pass_full,70.0
77.00532940309039,4688.749490782411,0.0,13.717031554948118,-13.717031554948118,pass_no_bh,70.0
0.0,4688.749490782411,1411355.791865259,21.596749111575985,-21.596749111575985,pass_no_halo,70.0
77.00532940309039,4688.749490782411,141135.5791865259,13.714873676969633,-13.714873676969633,pass_bh_small,70.0
7.700532940309039,4688.749490782411,1411355.791865259,11.782262620985781,-11.782262620985781,pass_halo_small,70.0
92.40656608996105,4681.420263972626,1328567.9585622614,13.818717585001579,-13.818717585001579,pass_full,71.0
92.40656608996105,4681.420263972626,0.0,13.877606301332277,-13.877606301332277,pass_no_bh,71.0
0.0,4681.420263972626,1328567.9585622614,20.389815629174233,-20.389815629174233,pass_no_halo,71.0
92.40656608996105,4681.420263972626,132856.79585622615,13.874239249562224,-13.874239249562224,pass_bh_small,71.0
9.240656608996105,4681.420263972626,1328567.9585622614,11.913765358376267,-11.913765358376267,pass_halo_small,71.0
49.39656391267683,1639.620944064262,1103603.7928915697,12.271521421910366,-12.271521421910366,pass_full,72.0
49.39656391267683,1639.620944064262,0.0,12.32558151703124,-12.32558151703124,pass_no_bh,72.0
0.0,1639.620944064262,1103603.7928915697,18.430767978319604,-18.430767978319604,pass_no_halo,72.0
49.39656391267683,1639.620944064262,110360.37928915698,12.308755528766811,-12.308755528766811,pass_bh_small,72.0
4.939656391267683,1639.620944064262,1103603.7928915697,14.747978359748098,-14.747978359748098,pass_halo_small,72.0
65.69231004346067,2864.312149549867,877820.0593762242,13.147755952534181,-13.147755952534181,pass_full,73.0
65.69231004346067,2864.312149549867,0.0,13.225660677838642,-13.225660677838642,pass_no_bh,73.0
0.0,2864.312149549867,877820.0593762242,20.23290642749398,-20.23290642749398,pass_no_halo,73.0
65.69231004346067,2864.312149549867,87782.00593762242,13.224609910282707,-13.224609910282707,pass_bh_small,73.0
6.569231004346067,2864.312149549867,877820.0593762242,12.644740287322659,-12.644740287322659,pass_halo_small,73.0
37.959273062285206,2443.7525403710724,1152210.5666052043,12.449420214646963,-12.449420214646963,pass_full,74.0
37.959273062285206,2443.7525403710724,0.0,12.538721900219405,-12.538721900219405,pass_no_bh,74.0
0.0,2443.7525403710724,1152210.5666052043,17.936175286570812,-17.936175286570812,pass_no_halo,74.0
37.959273062285206,2443.7525403710724,115221.05666052044,12.50170840236977,-12.50170840236977,pass_bh_small,74.0
3.7959273062285206,2443.7525403710724,1152210.5666052043,16.827090955182022,-16.827090955182022,pass_halo_small,74.0
81.89590840420881,4207.933277615317,786248.8673968432,13.635479554427532,-13.635479554427532,pass_full,75.0
81.89590840420881,4207.933277615317,0.0,13.669155576163554,-13.669155576163554,pass_no_bh,75.0
0.0,4207.933277615317,786248.8673968432,21.567017542822594,-21.567017542822594,pass_no_halo,75.0
81.89590840420881,4207.933277615317,78624.88673968431,13.66363127608604,-13.66363127608604,pass_bh_small,75.0
8.189590840420882,4207.933277615317,786248.8673968432,11.866745092526108,-11.866745092526108,pass_halo_small,75.0
29.80066547177057,2073.138462546837,807779.0622507344,12.127901672836146,-12.127901672836146,pass_full,76.0
29.80066547177057,2073.138462546837,0.0,12.123945346429045,-12.123945346429045,pass_no_bh,76.0
0.0,2073.138462546837,807779.0622507344,21.202725314357227,-21.202725314357227,pass_no_halo,76.0
29.80066547177057,2073.138462546837,80777.90622507344,12.131930636556927,-12.131930636556927,pass_bh_small,76.0
2.9800665471770573,2073.138462546837,807779.0622507344,17.744723681646676,-17.744723681646676,pass_halo_small,76.0
78.1037869881182,3074.4326822621665,782024.1888142795,13.36741067523716,-13.36741067523716,pass_full,77.0
78.1037869881182,3074.4326822621665,0.0,13.350277438032524,-13.350277438032524,pass_no_bh,77.0
0.0,3074.4326822621665,782024.1888142795,21.59098341820038,-21.59098341820038,pass_no_halo,77.0
78.1037869881182,3074.4326822621665,78202.41888142795,13.359610230824517,-13.359610230824517,pass_bh_small,77.0
7.810378698811821,3074.4326822621665,782024.1888142795,15.895670845938346,-15.895670845938346,pass_halo_small,77.0
63.9075475222403,2269.091104598031,1342745.3351440944,12.811570067570315,-12.811570067570315,pass_full,78.0
63.9075475222403,2269.091104598031,0.0,12.964647610099682,-12.964647610099682,pass_no_bh,78.0
0.0,2269.091104598031,1342745.3351440944,20.45744144854168,-20.45744144854168,pass_no_halo,78.0
63.9075475222403,2269.091104598031,134274.53351440944,12.95358807551918,-12.95358807551918,pass_bh_small,78.0
6.39075475222403,2269.091104598031,1342745.3351440944,24.446276213221292,-24.446276213221292,pass_halo_small,78.0
37.21381180386837,1968.6479735931055,1452127.411905938,12.204362562735653,-12.204362562735653,pass_full,79.0
37.21381180386837,1968.6479735931055,0.0,12.246101394803151,-12.246101394803151,pass_no_bh,79.0
0.0,1968.6479735931055,1452127.411905938,22.30482906391829,-22.30482906391829,pass_no_halo,79.0
37.21381180386837,1968.6479735931055,145212.7411905938,12.228252139702638,-12.228252139702638,pass_bh_small,79.0
3.721381180386837,1968.6479735931055,1452127.411905938,16.452664719922264,-16.452664719922264,pass_halo_small,79.0
35.024758474150396,2261.555664296332,837500.8340523841,12.314200043179925,-12.314200043179925,pass_full,80.0
35.024758474150396,2261.555664296332,0.0,12.354098089997713,-12.354098089997713,pass_no_bh,80.0
0.0,2261.555664296332,837500.8340523841,20.78256366066945,-20.78256366066945,pass_no_halo,80.0
35.024758474150396,2261.555664296332,83750.08340523842,12.328753243485936,-12.328753243485936,pass_bh_small,80.0
3.50247584741504,2261.555664296332,837500.8340523841,19.185737473018566,-19.185737473018566,pass_halo_small,80.0
